row_name,domain_len,tld_len,sld_len,max_consonant_len,sld_digits_len,unique_chars,digit_ratio,consonant_ratio,non_alfa_ratio,hex_ratio,first_digit_flag,norm_entropy
bamital_dga,17.0,2.75,17.0,1.867076923076923,10.000438461538462,9.518280769230769,0.3125137019230769,0.5000168269230769,0.0,0.75,0.3121076923076923,0.3064296550115574
banjori_dga,17.943696153846155,3.0,17.943696153846155,3.881819230769231,0.0,13.56891923076923,0.0,0.6697714504849828,0.0,0.3044158038075561,0.0,0.20353064117418418
bedep_dga,14.994679975867932,3.0,14.994679975867932,7.364503921461087,0.5719574398069435,13.475703394943235,0.03874251299620943,0.7817637809609583,0.0,0.2595495023264162,0.0,0.2326586559091422
beebone_dga,9.023809523809524,3.2,9.023809523809524,3.5,1.5238095238095237,10.576190476190476,0.17091836734693874,0.6194727891156462,0.0,0.5901360544217688,0.0,0.3449349913713692
blackhole_dga,16.0,2.0,16.0,8.114569083447332,0.0,13.148768809849521,0.0,0.8187414500683995,0.0,0.2216890389876881,0.0,0.21785418876494028
bobax_dga,4.753333333333333,3.0,4.753333333333333,3.006666666666667,0.0,6.233333333333333,0.0,0.6514285714285712,0.0,0.1549206349206349,0.0,0.3546348343197582
ccleaner_dga,12.375,3.0,12.375,1.675,6.2,10.475,0.5001165501165501,0.3180652680652681,0.0,1.0,0.0,0.23426117356591608
chinad_dga,16.0,2.85835,16.0,4.240407692307692,4.374615384615384,14.875273076923078,0.2734134615384615,0.5862007211538461,0.0,0.45299086538461536,0.2744615384615385,0.22587891824227876
chir_dga,16.0,2.5,16.0,1.66,10.12,12.22,0.6325,0.239375,0.0,1.0,0.78,0.20072715942840752
conficker_dga,8.000184615384615,3.19955,8.000184615384615,4.9788461538461535,0.0,9.294492307692307,0.0,0.8078177293539791,0.0,0.2312798472360972,0.0,0.34885387884097135
corebot_dga,15.530615384615384,2.3589038461538463,15.530615384615384,4.341261538461539,3.8177307692307694,13.360042307692307,0.20101861302427895,0.6798448663010879,0.0,0.4512630474772895,0.17796923076923077,0.24256005476081105
cryptolocker_dga,13.498715384615384,3.285,13.498715384615384,6.9000653846153845,0.0,12.450619230769231,0.0,0.8000581107354187,0.0,0.23986904339250492,0.0,0.24521587022612376
darkshell_dga,6.0,3.0,6.0,2.63265306122449,2.4081632653061225,8.775510204081632,0.401360544217687,0.5442176870748299,0.0,0.4829931972789115,0.20408163265306123,0.4206230018208729
diamondfox_dga,7.0,3.249863387978142,7.0,2.2128415300546447,2.9331967213114756,8.655396174863387,0.4190281030444965,0.46558352849336454,0.0,0.6726385636221701,0.37896174863387977,0.34947595798470343
dircrypt_dga,14.027826086956521,3.0,14.027826086956521,7.129565217391304,0.0,12.576521739130435,0.0,0.80833565794819,0.0,0.22730610193862316,0.0,0.24878903090326424
dmsniff_dga,8.0,2.4,8.0,5.52,0.0,8.97,0.0,0.8275,0.0,0.08,0.0,0.3578125
dnsbenchmark_dga,26.0,3.0,26.0,6.6,4.2,19.4,0.16153846153846155,0.6769230769230768,0.0,0.34615384615384615,0.2,0.15437069551573895
dnschanger_dga,10.0,3.0,10.0,5.860834615384616,0.0,10.462911538461539,0.0,0.8077246153846155,0.0,0.23085730769230767,0.0,0.2996898595487129
downloader_dga,6.0,2.0,6.0,2.0,0.0,7.0,0.0,0.6666666666666665,0.0,0.16666666666666663,0.0,0.43082708345352594
dyre_dga,34.0,2.0,34.0,2.3242576923076923,20.61708846153846,16.49551153846154,0.6063849547511312,0.26657952488687786,0.0,0.9774705882352942,0.0,0.10859135835706916
ebury_dga,13.0,3.334,13.0,2.5745,3.9945,13.478,0.3072692307692308,0.5235,0.0,0.5864230769230769,0.0,0.2620935545652408
ekforward_dga,7.934592227695676,2.0,7.934592227695676,1.3284072249589491,4.921182266009852,7.998084291187739,0.6201566450334923,0.2523555399171163,0.0,1.0,0.6001642036124795,0.3256412511455698
emotet_dga,16.0,2.0,16.0,7.594669230769231,0.0,13.02816153846154,0.0,0.7999860576923077,0.0,0.24037716346153845,0.0,0.21643203470146677
feodo_dga,17.333333333333332,2.0,17.333333333333332,8.505208333333334,0.0,13.869791666666666,0.0,0.8093532986111112,0.0,0.20095486111111108,0.0,0.2060466864607501
fobber_dga,13.5,3.0,13.5,6.928,0.0,12.402,0.0,0.8079441176470588,0.0,0.2317147058823529,0.0,0.25462102001170156
gameover_dga,25.914753846153847,3.0,25.914753846153847,4.49431923076923,8.596969230769231,19.663765384615385,0.3306859352064076,0.5404513801441344,0.0,0.48554460103472646,0.6237346153846154,0.15571472823854882
gameover_p2p,25.251573076923076,2.966,25.251573076923076,9.882353846153846,0.0,17.520476923076924,0.0,0.8127882696982507,0.0,0.22731308640809716,0.0,0.15506034169562
gozi_dga,19.459717819836246,2.652752803820388,19.459717819836246,3.306755931721433,0.0,12.865930968729353,0.0,0.6255171624281068,0.0,0.31043365924754884,0.0,0.17714945750086653
goznym_dga,8.453296703296703,3.0,8.453296703296703,5.087912087912088,0.0,9.436813186813186,0.0,0.8082640573712002,0.0,0.2237845487845488,0.0,0.3402441056240189
gspy_dga,16.0,3.0,16.0,1.5510204081632653,10.673469387755102,12.653061224489797,0.6670918367346939,0.22576530612244897,0.0,1.0,0.7142857142857143,0.20035364117372229
hesperbot_dga,12.674157303370787,3.0,12.674157303370787,6.426966292134831,0.0,11.544943820224718,0.0,0.8124907576720317,0.0,0.22314878510310432,0.0,0.2751832288939241
infy_dga,8.0,3.6666666666666665,8.0,1.2971374045801527,5.043320610687023,9.584669211195928,0.6304150763358779,0.24568225190839696,0.0,1.0,0.624236641221374,0.3241727557006313
locky_dga,10.970676923076923,2.442776923076923,10.970676923076923,5.959061538461539,0.0,10.445434615384615,0.0,0.7998341237567737,0.0,0.2402379472453766,0.0,0.29290088201825154
madmax_dga,10.0,3.25,10.0,4.175,1.6208333333333333,11.133333333333333,0.16208333333333333,0.6704166666666667,0.0,0.37875,0.18333333333333332,0.3080747641747037
makloader_dga,40.0,3.0,40.0,11.45703125,0.0,21.181640625,0.0,0.8057617187499999,0.0,0.23554687500000002,0.0,0.10434679681850687
matsnu_dga,15.880088267361316,3.0,15.880088267361316,2.879298300592149,0.0,12.082822466393768,0.0,0.6163462738630613,0.007835118321975034,0.3555901286131835,0.0,0.20924699494335317
mirai_dga,12.0,5.786354238456237,12.0,6.39145416953825,0.0,12.793246037215713,0.0,0.799276361130255,0.0,0.24442912933609004,0.0,0.2651015246270488
modpack_dga,8.787383177570094,2.0,8.787383177570094,3.2126168224299065,2.425233644859813,9.422897196261681,0.2762183753422071,0.5715950391768149,0.0,0.4530273529689418,0.3107476635514019,0.33526082921608036
monerominer_dga,13.0,7.2,13.0,1.6260192307692307,8.120403846153847,14.208996153846154,0.6246464497041421,0.2504644970414202,0.0,0.9996923076923078,0.6259807692307693,0.23423931145754942
murofetweekly_dga,37.99583846153846,2.966,37.99583846153846,6.535292307692307,11.991676923076923,24.55905,0.31122046380197166,0.5566765803082394,0.0,0.46943003314291065,0.0,0.11566790069283625
murofet_dga,15.065530769230769,3.2,15.065530769230769,8.07033076923077,0.0,12.858026923076924,0.0,0.8303855223942722,0.0,0.0872252751842175,0.0,0.22237046257960202
mydoom_dga,10.0,2.6337226277372263,10.0,5.6940389294403895,0.0,8.490212895377129,0.0,0.7967487834549878,0.0,0.20325121654501221,0.0,0.2566472071361784
necurs_dga,17.259173076923076,1.9701923076923078,17.259173076923076,7.710357692307692,0.0,13.375169230769231,0.0,0.7973809365524043,0.0,0.24184488025550277,0.0,0.21619027313045322
nymaim2_dga,14.4956301159618,2.2723183833560707,14.4956301159618,2.599164392905866,0.0,11.442914392905866,0.0,0.607392385050497,0.03483671930031611,0.27759837564500833,0.0,0.22982790552309898
nymaim_dga,8.488811538461539,3.056219230769231,8.488811538461539,5.200542307692308,0.0,9.5237,0.0,0.8075488505938508,0.0,0.23120968129093133,0.0,0.33554929690526214
oderoor_dga,9.41956923076923,2.505726923076923,9.41956923076923,5.578923076923077,0.0,9.519942307692308,0.0,0.8052973769286271,0.0,0.23058899975024974,0.0,0.31384493204804076
omexo_dga,32.0,3.0,32.0,2.55,19.25,15.65,0.6015625,0.265625,0.0,1.0,0.55,0.11175404168342537
padcrypt_dga,16.0,3.349125032526672,16.0,6.54545602393963,0.0,9.653855223783502,0.0,0.7500376089643508,0.0,0.6872443606882643,0.0,0.178098193025169
pandabanker_dga,12.083333333333334,3.0,12.083333333333334,1.4789481684146526,8.214242286061712,11.225642194862441,0.6800998027913214,0.21701285364076064,0.0,0.9957264957264959,0.6337589299285605,0.2474303124997435
pitou_dga,8.966569230769231,3.1040115384615383,8.966569230769231,1.3974692307692307,0.0,8.64945,0.0,0.44630170940170955,0.0,0.4540441773504273,0.0,0.2844972666237426
proslikefan_dga,8.015948809687629,2.6153846153846154,8.015948809687629,5.011095821292601,0.0,8.842938397321223,0.0,0.80760401511296,0.0,0.23129438159402377,0.0,0.3455871618222914
pushdotid_dga,10.0,2.6016666666666666,10.0,5.589666666666667,0.0,10.316333333333333,0.0,0.8078833333333334,0.0,0.2309666666666667,0.0,0.3027193244607459
pushdo_dga,9.757815384615384,2.4066923076923077,9.757815384615384,1.8221884615384616,0.0,9.636734615384615,0.0,0.5677877408702408,0.0,0.2903424456099456,0.0,0.3008607495942181
pykspa2s_dga,10.491566265060241,3.0034136546184738,10.491566265060241,4.21074297188755,0.0,10.317871485943774,0.0,0.6823022013684664,0.0,0.2607307827714454,0.0,0.29282929737921953
pykspa2_dga,10.060638297872341,3.052659574468085,10.060638297872341,4.220212765957447,0.0,10.03936170212766,0.0,0.6865033651336843,0.0,0.25613239006856026,0.0,0.3043912533977621
pykspa_dga,9.00116923076923,3.3735,9.00116923076923,5.15128076923077,0.0,9.8471,0.0,0.7855394463869462,0.0,0.23028594655344653,0.0,0.3215880447413394
qadars_dga,12.0,3.0,12.0,3.343319230769231,3.340180769230769,12.55696923076923,0.27834839743589745,0.5557525641025639,0.0,0.4450778846153846,0.28096923076923075,0.2759932113952736
qakbot_dga,16.500296153846154,3.1668384615384615,16.500296153846154,7.725357692307692,0.0,13.797711538461538,0.0,0.8076722461747926,0.0,0.2307058555430254,0.0,0.22555614213259764
qhost_dga,9.173913043478262,2.0,9.173913043478262,4.0,5.173913043478261,9.826086956521738,0.5156852809026721,0.48431471909732793,0.0,0.5156852809026721,0.0,0.3325011929942769
qsnatch_dga,4.268576923076923,2.9202576923076924,4.268576923076923,2.482480769230769,0.6401346153846154,6.33705,0.14928525946275947,0.6878631807081808,0.0,0.3638629655067155,0.15523076923076923,0.46593983852694587
ramdo_dga,16.0,3.0,16.0,4.5965,0.0,10.9765,0.0,0.61596875,0.0,0.2296875,0.0,0.19164635454549944
ramnit_dga,13.501185743525152,3.0223372431709046,13.501185743525152,6.800519562308116,0.0,12.187623002440368,0.0,0.800116454360972,0.0,0.24032151224393772,0.0,0.2527061556820277
ranbyus_dga,17.0,2.25,17.0,7.769803846153846,0.0,13.574207692307692,0.0,0.7969771493212668,0.0,0.25860294117647054,0.0,0.20701407292490298
randomloader_dga,10.6,2.0,10.6,4.4,0.0,10.2,0.0,0.6797868797868798,0.0,0.26346986346986345,0.0,0.28766543859104177
redyms_dga,12.0,3.0,12.0,4.529411764705882,0.0,12.264705882352942,0.0,0.7455338778868191,0.08583899760370349,0.22196577931872047,0.0,0.28459732187808273
rovnix_dga,18.0,2.5994263157894735,18.0,4.809631578947369,4.242915789473685,15.653989473684211,0.23571754385964913,0.6171555555555555,0.0,0.4121602339181288,0.23623157894736843,0.20637552503127893
shifu_dga,7.0,3.3333333333333335,7.0,4.528957528957529,0.0,8.707850707850708,0.0,0.8039468039468038,0.0,0.2340503769075197,0.0,0.3666834458974995
simda_dga,7.111111111111111,3.5555555555555554,7.111111111111111,1.9586666666666666,0.0,8.716666666666667,0.0,0.6350415043290043,0.0,0.24741179052429052,0.0,0.3660542332093827
sisron_dga,12.0,3.25,12.0,4.92230243902439,0.0,10.47070243902439,0.0,0.7731934959349595,0.0,0.1667739837398374,0.0,0.24391796747370348
sphinx_dga,16.0,3.0,16.0,7.59293297163363,0.0,13.426526187628161,0.0,0.8000346436047505,0.0,0.2398365409261791,0.0,0.21523386811745082
suppobox_dga,12.553046153846154,2.832926923076923,12.553046153846154,2.8569346153846156,0.0,9.97595,0.0,0.6284783347486574,0.0,0.33329102578448444,0.0,0.2472754731356994
sutra_dga,13.333333333333334,3.0,13.333333333333334,6.1827523726257905,0.0,10.865181637333537,0.0,0.7893241342608431,0.0,0.27689239872784177,0.0,0.24570537474766557
symmi_dga,4.0,3.0,4.0,4.0,0.0,5.0,0.0,1.0,0.0,0.5,0.0,0.375
szribi_dga,8.0,3.0,8.0,4.21845537397863,0.0,8.628889063482086,0.0,0.7304662947831553,0.0,0.22851194217473286,0.0,0.30332225304021093
tempedrevetdd_dga,8.535469107551487,3.25,8.535469107551487,5.102402745995423,0.0,9.829519450800916,0.0,0.7992864861428935,0.0,0.25408403254513096,0.0,0.33425123283153
tempedreve_dga,9.0,3.25,9.0,5.127450980392157,0.0,9.995098039215685,0.0,0.7857424030218148,0.0,0.2354377104377104,0.0,0.32494681008646653
tinba_dga,12.002114880996638,2.874263715746776,12.002114880996638,7.107834147066842,0.004089320677092369,10.979388171536677,0.00027665964328145616,0.8313095923211989,2.8242594353278635e-05,0.21280806455641027,0.00011565755450362256,0.25670992144821764
tinynuke_dga,32.0,3.0,32.0,2.2319602272727272,20.002604166666668,16.53469696969697,0.6250813802083334,0.2501861387310606,0.0,1.0,0.6266761363636364,0.11285775625169132
tofsee_dga,7.0,2.5,7.0,4.870422535211268,0.0,5.991784037558685,0.0,0.8364185110663983,0.0,0.4358148893360161,0.0,0.2647495112433964
torpig_dga,8.25,3.0,8.25,4.201566241021548,0.16420590582601755,9.577929635541368,0.02011848151737417,0.7413408217104347,0.0,0.2955998856712145,0.0,0.341556841029889
tsifiri_dga,53.847457627118644,4.0,53.847457627118644,0.0,27.847457627118644,7.677966101694915,0.5171327387509032,0.0,0.48286726124909685,0.5171327387509032,1.0,0.022255313611610178
ud2_dga,20.0,4.0,20.0,1.905122950819672,12.535450819672132,14.836680327868853,0.6267725409836065,0.25018442622950815,0.0,1.0,0.6344262295081967,0.16794444352973015
ud3_dga,12.0,2.3333333333333335,12.0,4.0,6.0,12.75,0.5,0.4,0.0,0.6166666666666668,0.5,0.28485798617120744
ud4_dga,8.0,2.4,8.0,5.52,0.0,8.97,0.0,0.8275,0.0,0.08,0.0,0.3578125
urlzone_dga,12.472087485668931,2.9999412058676542,12.472087485668931,4.510480054090602,2.338889378839992,12.388864391333746,0.1875369522737015,0.6568469508234919,0.0,0.3743709080048264,0.18499573742540495,0.2665832582346356
vawtrak_dga,8.99074074074074,2.888888888888889,8.99074074074074,3.7355555555555555,0.0,9.61,0.0,0.7141998556998557,0.0,0.2641943642776976,0.0,0.3240114871069579
vidrotid_dga,8.273333333333333,3.0,8.273333333333333,5.82,0.0,9.02,0.0,0.8770940355940356,0.0,0.27801178451178454,0.0,0.31546397570685963
vidro_dga,8.33363696369637,3.0,8.33363696369637,5.748633663366337,0.0,9.075201320132013,0.0,0.8716112716033508,0.0,0.2649338138575762,0.0,0.3153174649268714
virut_dga,6.0,3.0,6.0,3.2013346153846154,0.0,7.728153846153846,0.0,0.687498076923077,0.0,0.24953910256410253,0.0,0.3964039116409292
volatilecedar_dga,17.29317269076305,3.3413654618473894,17.29317269076305,3.610441767068273,0.0,13.634538152610443,0.0,0.6354289337802338,0.0,0.4095177703294381,0.0,0.2003593506863816
wd_dga,33.0,3.0,33.0,2.466006375227687,19.895765027322405,17.284517304189436,0.6034561083654773,0.27441789215686274,0.0,0.9852941176470589,0.31133879781420765,0.11099023221565316
xshellghost_dga,12.9375,3.0,12.9375,6.5625,0.0,11.984375,0.0,0.8075466200466201,0.0,0.23713578088578086,0.0,0.2530058600177505
xxhex_dga,9.806363636363637,2.0,9.806363636363637,2.4013636363636364,5.094090909090909,8.771363636363636,0.5187575757575758,0.4126212121212121,0.0,0.7956969696969697,0.0,0.27648727527364886
