row_name,domain_len,tld_len,sld_len,max_consonant_len,sld_digits_len,unique_chars,digit_ratio,consonant_ratio,non_alfa_ratio,hex_ratio,dictionary_match,dga_ngram_ratio,nondga_ngram_ratio,first_digit_flag,well_known_tld,norm_entropy,subdomains_count,www_flag
bamital_dga,33.0,2.75,17.0,2.3619576923076924,20.000876923076923,9.518280769230769,0.6066442449095023,0.2647385463800905,0.0,0.9852941176470582,0.08309708710407239,0.9877188423988348,0.8316136967410361,0.6242153846153846,1.0,0.11097877324579114,0.5,0.0
banjori_dga,17.943696153846155,3.0,17.943696153846155,3.881819230769231,0.0,13.56891923076923,0.0,0.6697714504849828,0.0,0.3044158038075561,0.7443515655591705,0.9962698252134593,0.9195322985731496,0.0,1.0,0.20353064117418418,0.0,0.0
bedep_dga,14.994679975867932,3.0,14.994679975867932,7.364503921461087,0.5719574398069435,13.475703394943235,0.03874251299620943,0.7817637809609583,0.0,0.2595495023264162,0.29171116621414805,0.9790351719103845,0.7435914855636309,0.0,1.0,0.2326586559091422,0.0,0.0
beebone_dga,12.023809523809524,3.2,9.023809523809524,3.5,2.5238095238095237,10.576190476190476,0.21180010465724747,0.6295133437990581,0.0,0.5291732077446364,0.4390371533228675,0.9833642547928263,0.9760822510822512,0.0,1.0,0.2632986857505082,1.0,0.0
blackhole_dga,16.0,2.0,16.0,8.114569083447332,0.0,13.148768809849521,0.0,0.8187414500683995,0.0,0.2216890389876881,0.30077590629274964,0.986497998125905,0.7487378672399192,0.0,1.0,0.21785418876494028,0.0,0.0
bobax_dga,13.573333333333334,3.0,4.753333333333333,7.423333333333333,0.0,6.233333333333333,0.0,0.7788462760006878,0.0,0.22837741370829603,0.3758365311159429,0.9887147081313747,0.8133961825211825,0.0,1.0,0.24160249134749995,1.0,0.0
ccleaner_dga,12.375,3.0,12.375,1.675,6.2,10.475,0.5001165501165501,0.3180652680652681,0.0,1.0,0.08566433566433566,0.9923148148148148,0.819675925925926,0.0,1.0,0.23426117356591608,0.0,0.0
chinad_dga,16.0,2.85835,16.0,4.240407692307692,4.374615384615384,14.875273076923078,0.2734134615384615,0.5862007211538461,0.0,0.45299086538461536,0.1696439903846154,0.8656013031839956,0.7125712612707802,0.2744615384615385,1.0,0.22587891824227876,0.0,0.0
chir_dga,16.0,2.5,16.0,1.66,10.12,12.22,0.6325,0.239375,0.0,1.0,0.09,0.9917948717948717,0.8300183150183149,0.78,1.0,0.20072715942840752,0.0,0.0
conficker_dga,8.000184615384615,3.19955,8.000184615384615,4.9788461538461535,0.0,9.294492307692307,0.0,0.8078177293539791,0.0,0.2312798472360972,0.2900550817238317,0.9830085795685795,0.837495226139601,0.0,1.0,0.34885387884097135,0.0,0.0
corebot_dga,19.9062,2.3589038461538463,15.530615384615384,4.748557692307692,4.966857692307692,13.360042307692307,0.2508320499560026,0.6006098003368905,0.0,0.4394445382298496,0.20806840759479164,0.8949514446026374,0.7000357664313528,0.23188846153846154,1.0,0.19582821019171162,0.23068461538461538,0.0
cryptolocker_dga,13.498715384615384,3.285,13.498715384615384,6.9000653846153845,0.0,12.450619230769231,0.0,0.8000581107354187,0.0,0.23986904339250492,0.32541333615102846,0.9886969877024686,0.7675704982268443,0.0,1.0,0.24521587022612376,0.0,0.0
darkshell_dga,6.0,3.0,6.0,2.63265306122449,2.4081632653061225,8.775510204081632,0.401360544217687,0.5442176870748299,0.0,0.4829931972789115,0.0,0.6531179138321994,0.6462018140589568,0.20408163265306123,1.0,0.4206230018208729,0.0,0.0
diamondfox_dga,7.0,3.249863387978142,7.0,2.2128415300546447,2.9331967213114756,8.655396174863387,0.4190281030444965,0.46558352849336454,0.0,0.6726385636221701,0.12143832943013269,0.924077868852459,0.8465767304189437,0.37896174863387977,1.0,0.34947595798470343,0.0,0.0
dircrypt_dga,14.027826086956521,3.0,14.027826086956521,7.129565217391304,0.0,12.576521739130435,0.0,0.80833565794819,0.0,0.22730610193862316,0.3059872297689299,0.9818904462261239,0.7663731384415527,0.0,1.0,0.24878903090326424,0.0,0.0
dmsniff_dga,8.0,2.4,8.0,5.52,0.0,8.97,0.0,0.8275,0.0,0.08,0.3325,0.9986666666666667,0.8371111111111113,0.0,1.0,0.3578125,0.0,0.0
dnsbenchmark_dga,26.0,3.0,26.0,6.6,4.2,19.4,0.16153846153846155,0.6769230769230768,0.0,0.34615384615384615,0.1923076923076923,0.9362318840579711,0.6551932367149758,0.2,1.0,0.15437069551573895,0.0,0.0
dnschanger_dga,10.0,3.0,10.0,5.860834615384616,0.0,10.462911538461539,0.0,0.8077246153846155,0.0,0.23085730769230767,0.29974076923076926,0.9828466040903541,0.7960624160561661,0.0,1.0,0.2996898595487129,0.0,0.0
downloader_dga,11.0,2.0,6.0,6.0,0.0,7.0,0.0,0.8181818181818182,0.0,0.2727272727272726,0.3636363636363636,0.9972222222222221,0.8805555555555558,0.0,1.0,0.2814359322728123,1.0,0.0
dyre_dga,34.0,2.0,34.0,2.3242576923076923,20.61708846153846,16.49551153846154,0.6063849547511312,0.26657952488687786,0.0,0.9774705882352942,0.08903981900452487,0.9850259818398137,0.828040349267552,0.0,1.0,0.10859135835706916,0.0,0.0
ebury_dga,13.0,3.334,13.0,2.5745,3.9945,13.478,0.3072692307692308,0.5235,0.0,0.5864230769230769,0.16711538461538464,0.8371666666666667,0.7463787878787879,0.0,1.0,0.2620935545652408,0.0,0.0
ekforward_dga,7.934592227695676,2.0,7.934592227695676,1.3284072249589491,4.921182266009852,7.998084291187739,0.6201566450334923,0.2523555399171163,0.0,1.0,0.08605572497198113,0.9891595207687163,0.8540564373897709,0.6001642036124795,1.0,0.3256412511455698,0.0,0.0
emotet_dga,16.0,2.0,16.0,7.594669230769231,0.0,13.02816153846154,0.0,0.7999860576923077,0.0,0.24037716346153845,0.32984014423076924,0.9890583635381714,0.7552486440091247,0.0,1.0,0.21643203470146677,0.0,0.0
feodo_dga,17.333333333333332,2.0,17.333333333333332,8.505208333333334,0.0,13.869791666666666,0.0,0.8093532986111112,0.0,0.20095486111111108,0.2924262152777778,0.9843393874643874,0.7146196612993488,0.0,1.0,0.2060466864607501,0.0,0.0
fobber_dga,13.5,3.0,13.5,6.928,0.0,12.402,0.0,0.8079441176470588,0.0,0.2317147058823529,0.3021441176470588,0.9832517857142857,0.769809126984127,0.0,1.0,0.25462102001170156,0.0,0.0
gameover_dga,25.914753846153847,3.0,25.914753846153847,4.49431923076923,8.596969230769231,19.663765384615385,0.3306859352064076,0.5404513801441344,0.0,0.48554460103472646,0.14833273050565188,0.8903204594970363,0.6683376526056632,0.6237346153846154,1.0,0.15571472823854882,0.0,0.0
gameover_p2p,25.251573076923076,2.966,25.251573076923076,9.882353846153846,0.0,17.520476923076924,0.0,0.8127882696982507,0.0,0.22731308640809716,0.3177897949723628,0.9855395686183327,0.725762786301934,0.0,1.0,0.15506034169562,0.0,0.0
gozi_dga,19.498799856150004,2.652752803820388,19.459717819836246,3.311694502755731,0.0,12.865930968729353,0.0,0.6257410012524338,0.0,0.3101438457287074,0.9067209628920831,0.9968227959091936,0.9827543521792679,0.0,0.9980095175170822,0.1764538320651524,0.001990482482917813,0.0
goznym_dga,8.453296703296703,3.0,8.453296703296703,5.087912087912088,0.0,9.436813186813186,0.0,0.8082640573712002,0.0,0.2237845487845488,0.29273157398157396,0.9851535699749986,0.8332404863654863,0.0,1.0,0.3402441056240189,0.0,0.0
gspy_dga,16.0,3.0,16.0,1.5510204081632653,10.673469387755102,12.653061224489797,0.6670918367346939,0.22576530612244897,0.0,1.0,0.0778061224489796,0.9863945578231293,0.848284368692532,0.7142857142857143,1.0,0.20035364117372229,0.0,0.0
hesperbot_dga,12.674157303370787,3.0,12.674157303370787,6.426966292134831,0.0,11.544943820224718,0.0,0.8124907576720317,0.0,0.22314878510310432,0.3073713099259149,0.9845665753956184,0.7915854114957499,0.0,1.0,0.2751832288939241,0.0,0.0
infy_dga,8.0,3.6666666666666665,8.0,1.2971374045801527,5.043320610687023,9.584669211195928,0.6304150763358779,0.24568225190839696,0.0,1.0,0.07664599236641222,0.989236641221374,0.8534064885496185,0.624236641221374,1.0,0.3241727557006313,0.0,0.0
locky_dga,10.970676923076923,2.442776923076923,10.970676923076923,5.959061538461539,0.0,10.445434615384615,0.0,0.7998341237567737,0.0,0.2402379472453766,0.31783206065961445,0.9886118926266043,0.8016159096103327,0.0,1.0,0.29290088201825154,0.0,0.0
madmax_dga,11.5,3.25,10.0,4.795833333333333,1.6208333333333333,11.133333333333333,0.14338141025641027,0.7084455128205128,0.0,0.3350480769230769,0.21262820512820516,0.907420634920635,0.7501918740981242,0.09166666666666666,1.0,0.2722383536413401,0.0,0.5
makloader_dga,40.0,3.0,40.0,11.45703125,0.0,21.181640625,0.0,0.8057617187499999,0.0,0.23554687500000002,0.3267578125,0.9826514940104578,0.7286508342223803,0.0,1.0,0.10434679681850687,0.0,0.0
matsnu_dga,15.880088267361316,3.0,15.880088267361316,2.879298300592149,0.0,12.082822466393768,0.0,0.6163462738630613,0.007835118321975034,0.3555901286131835,0.9499985532389921,0.9800150137898439,0.988099303060715,0.0,1.0,0.20924699494335317,0.0,0.0
mirai_dga,12.0,5.786354238456237,12.0,6.39145416953825,0.0,12.793246037215713,0.0,0.799276361130255,0.0,0.24442912933609004,0.317597059499196,0.9883349924700716,0.7735380452816704,0.0,1.0,0.2651015246270488,0.0,0.0
modpack_dga,8.787383177570094,2.0,8.787383177570094,3.2126168224299065,2.425233644859813,9.422897196261681,0.2762183753422071,0.5715950391768149,0.0,0.4530273529689418,0.15508708581138486,0.8768839934727787,0.7881911993769469,0.3107476635514019,1.0,0.33526082921608036,0.0,0.0
monerominer_dga,13.0,7.2,13.0,1.6260192307692307,8.120403846153847,14.208996153846154,0.6246464497041421,0.2504644970414202,0.0,0.9996923076923078,0.08248224852071005,0.9890703525641025,0.8345548772986274,0.6259807692307693,1.0,0.23423931145754942,0.0,0.0
murofetweekly_dga,37.99583846153846,2.966,37.99583846153846,6.535292307692307,11.991676923076923,24.55905,0.31122046380197166,0.5566765803082394,0.0,0.46943003314291065,0.16257580058563134,0.9496750542684963,0.6630072817218088,0.0,1.0,0.11566790069283625,0.0,0.0
murofet_dga,15.065530769230769,3.2,15.065530769230769,8.07033076923077,0.0,12.858026923076924,0.0,0.8303855223942722,0.0,0.0872252751842175,0.2785093034743035,0.9929632438786284,0.7479055616747924,0.0,1.0,0.22237046257960202,0.0,0.0
mydoom_dga,10.0,2.6337226277372263,10.0,5.6940389294403895,0.0,8.490212895377129,0.0,0.7967487834549878,0.0,0.20325121654501221,0.4063594890510948,0.9946181279689491,0.8173967867763489,0.0,1.0,0.2566472071361784,0.0,0.0
necurs_dga,17.43225,1.9701923076923078,17.259173076923076,7.763242307692308,0.0,13.375169230769231,0.0,0.797533453780453,0.0,0.24190541288245745,0.3375505403492993,0.9887694830924114,0.7602315818395697,0.0,0.9846153846153847,0.21170479847608079,0.015384615384615385,0.0
nymaim2_dga,14.4956301159618,2.2723183833560707,14.4956301159618,2.599164392905866,0.0,11.442914392905866,0.0,0.607392385050497,0.03483671930031611,0.27759837564500833,0.9122506252389225,0.9249814404387026,0.9906632770910929,0.0,1.0,0.22982790552309898,0.0,0.0
nymaim_dga,8.488811538461539,3.056219230769231,8.488811538461539,5.200542307692308,0.0,9.5237,0.0,0.8075488505938508,0.0,0.23120968129093133,0.29426221903096905,0.9832141183353684,0.8258543342999594,0.0,1.0,0.33554929690526214,0.0,0.0
oderoor_dga,9.41956923076923,2.505726923076923,9.41956923076923,5.578923076923077,0.0,9.519942307692308,0.0,0.8052973769286271,0.0,0.23058899975024974,0.29844839688089686,0.9926303398453397,0.8032678113553116,0.0,1.0,0.31384493204804076,0.0,0.0
omexo_dga,32.0,3.0,32.0,2.55,19.25,15.65,0.6015625,0.265625,0.0,1.0,0.0953125,0.9919540229885057,0.8425478927203065,0.55,1.0,0.11175404168342537,0.0,0.0
padcrypt_dga,16.0,3.349125032526672,16.0,6.54545602393963,0.0,9.653855223783502,0.0,0.7500376089643508,0.0,0.6872443606882643,0.44440454844847777,0.9908153634994644,0.8423405956186744,0.0,1.0,0.178098193025169,0.0,0.0
pandabanker_dga,12.083333333333334,3.0,12.083333333333334,1.4789481684146526,8.214242286061712,11.225642194862441,0.6800998027913214,0.21701285364076064,0.0,0.9957264957264959,0.06605017031658618,0.9891569274853209,0.8395372571026166,0.6337589299285605,1.0,0.2474303124997435,0.0,0.0
pitou_dga,8.966569230769231,3.1040115384615383,8.966569230769231,1.3974692307692307,0.0,8.64945,0.0,0.44630170940170955,0.0,0.4540441773504273,0.6770143696581198,0.9949975274725275,0.8652758974358976,0.0,1.0,0.2844972666237426,0.0,0.0
proslikefan_dga,8.015948809687629,2.6153846153846154,8.015948809687629,5.011095821292601,0.0,8.842938397321223,0.0,0.80760401511296,0.0,0.23129438159402377,0.2914494949825898,0.9829478503121912,0.8330139863614819,0.0,1.0,0.3455871618222914,0.0,0.0
pushdotid_dga,10.0,2.6016666666666666,10.0,5.589666666666667,0.0,10.316333333333333,0.0,0.8078833333333334,0.0,0.2309666666666667,0.34635,0.985578373015873,0.8004004629629629,0.0,1.0,0.3027193244607459,0.0,0.0
pushdo_dga,9.757815384615384,2.4066923076923077,9.757815384615384,1.8221884615384616,0.0,9.636734615384615,0.0,0.5677877408702408,0.0,0.2903424456099456,0.6481464121989122,0.9923491951566951,0.8581970963064718,0.0,1.0,0.3008607495942181,0.0,0.0
pykspa2s_dga,10.491566265060241,3.0034136546184738,10.491566265060241,4.21074297188755,0.0,10.317871485943774,0.0,0.6823022013684664,0.0,0.2607307827714454,0.4767260511688223,0.9865339158461648,0.8237413800315406,0.0,1.0,0.29282929737921953,0.0,0.0
pykspa2_dga,10.060638297872341,3.052659574468085,10.060638297872341,4.220212765957447,0.0,10.03936170212766,0.0,0.6865033651336843,0.0,0.25613239006856026,0.47382585794819837,0.988145839089988,0.8332796276812234,0.0,1.0,0.3043912533977621,0.0,0.0
pykspa_dga,9.00116923076923,3.3735,9.00116923076923,5.15128076923077,0.0,9.8471,0.0,0.7855394463869462,0.0,0.23028594655344653,0.31597192071817076,0.9842498407610906,0.8190452762515263,0.0,1.0,0.3215880447413394,0.0,0.0
qadars_dga,12.0,3.0,12.0,3.343319230769231,3.340180769230769,12.55696923076923,0.27834839743589745,0.5557525641025639,0.0,0.4450778846153846,0.2086519230769231,0.8936397903947905,0.7377447334147336,0.28096923076923075,1.0,0.2759932113952736,0.0,0.0
qakbot_dga,16.500296153846154,3.1668384615384615,16.500296153846154,7.725357692307692,0.0,13.797711538461538,0.0,0.8076722461747926,0.0,0.2307058555430254,0.30953842516237573,0.9828664593662252,0.7576313732032951,0.0,1.0,0.22555614213259764,0.0,0.0
qhost_dga,9.173913043478262,2.0,9.173913043478262,4.0,5.173913043478261,9.826086956521738,0.5156852809026721,0.48431471909732793,0.0,0.5156852809026721,0.0,0.9550782148608236,0.8174456783152435,0.0,1.0,0.3325011929942769,0.0,0.0
qsnatch_dga,4.398546153846154,2.9202576923076924,4.268576923076923,2.5252923076923075,0.6615730769230769,6.33705,0.15235853479853476,0.6878354441391942,0.0,0.37004296398046393,0.1796981150793651,0.977622548840049,0.9323753823260075,0.16096538461538462,0.9740038461538462,0.4628514319833467,0.032492307692307695,7.692307692307692e-06
ramdo_dga,16.0,3.0,16.0,4.5965,0.0,10.9765,0.0,0.61596875,0.0,0.2296875,0.4526145833333333,0.9921830484330485,0.7742079772079772,0.0,1.0,0.19164635454549944,0.0,0.0
ramnit_dga,13.501185743525152,3.0223372431709046,13.501185743525152,6.800519562308116,0.0,12.187623002440368,0.0,0.800116454360972,0.0,0.24032151224393772,0.3243862437940465,0.9885104905401828,0.7760166650375305,0.0,1.0,0.2527061556820277,0.0,0.0
ranbyus_dga,17.0,2.25,17.0,7.769803846153846,0.0,13.574207692307692,0.0,0.7969771493212668,0.0,0.25860294117647054,0.3348276018099547,0.9880930069503147,0.7537200955668261,0.0,1.0,0.20701407292490298,0.0,0.0
randomloader_dga,10.6,2.0,10.6,4.4,0.0,10.2,0.0,0.6797868797868798,0.0,0.26346986346986345,0.6056610056610057,0.9916666666666668,0.7591750841750842,0.0,1.0,0.28766543859104177,0.0,0.0
redyms_dga,12.0,3.0,12.0,4.529411764705882,0.0,12.264705882352942,0.0,0.7455338778868191,0.08583899760370349,0.22196577931872047,0.21848135524606113,0.7696767285002579,0.7761543603455368,0.0,1.0,0.28459732187808273,0.0,0.0
rovnix_dga,18.0,2.5994263157894735,18.0,4.809631578947369,4.242915789473685,15.653989473684211,0.23571754385964913,0.6171555555555555,0.0,0.4121602339181288,0.18689883040935673,0.8781105868838762,0.7036021063074351,0.23623157894736843,1.0,0.20637552503127893,0.0,0.0
shifu_dga,7.0,3.3333333333333335,7.0,4.528957528957529,0.0,8.707850707850708,0.0,0.8039468039468038,0.0,0.2340503769075197,0.29080100508671936,0.9886195719529053,0.8506840173506841,0.0,1.0,0.3666834458974995,0.0,0.0
simda_dga,7.111111111111111,3.5555555555555554,7.111111111111111,1.9586666666666666,0.0,8.716666666666667,0.0,0.6350415043290043,0.0,0.24741179052429052,0.6243170574795573,0.9901720164609052,0.880421193415638,0.0,1.0,0.3660542332093827,0.0,0.0
sisron_dga,12.0,3.25,12.0,4.92230243902439,0.0,10.47070243902439,0.0,0.7731934959349595,0.0,0.1667739837398374,0.329330081300813,0.9993929539295393,0.7776713743708866,0.0,1.0,0.24391796747370348,0.0,0.0
sphinx_dga,16.0,3.0,16.0,7.59293297163363,0.0,13.426526187628161,0.0,0.8000346436047505,0.0,0.2398365409261791,0.33086111051777173,0.9887045813678801,0.7551767420849304,0.0,1.0,0.21523386811745082,0.0,0.0
suppobox_dga,12.553046153846154,2.832926923076923,12.553046153846154,2.8569346153846156,0.0,9.97595,0.0,0.6284783347486574,0.0,0.33329102578448444,0.992905162992025,0.9986308298287935,0.9910622176096695,0.0,1.0,0.2472754731356994,0.0,0.0
sutra_dga,18.666666666666668,3.0,13.333333333333334,8.16217483306091,0.0,10.865181637333537,0.0,0.8024321790144575,0.0,0.2858565316371223,0.39240559124525365,0.9848156470630378,0.7733759190565765,0.0,1.0,0.18323007266353974,0.3333333333333333,0.0
symmi_dga,15.505438461538462,3.0,4.0,4.623892307692308,0.0,5.0,0.0,0.6318951019262683,0.0,0.36120635295600645,0.5326961914285073,0.9937300919480218,0.8664990030900893,0.0,1.0,0.2151700867552354,1.0,0.0
szribi_dga,8.0,3.0,8.0,4.21845537397863,0.0,8.628889063482086,0.0,0.7304662947831553,0.0,0.22851194217473286,0.3335313874921433,0.9937892834695161,0.8276075494098751,0.0,1.0,0.30332225304021093,0.0,0.0
tempedrevetdd_dga,8.535469107551487,3.25,8.535469107551487,5.102402745995423,0.0,9.829519450800916,0.0,0.7992864861428935,0.0,0.25408403254513096,0.31844330027968476,0.9845074643129563,0.8238576513748139,0.0,1.0,0.33425123283153,0.0,0.0
tempedreve_dga,9.0,3.25,9.0,5.127450980392157,0.0,9.995098039215685,0.0,0.7857424030218148,0.0,0.2354377104377104,0.33740167784285435,0.9849770463741053,0.8277563803299098,0.0,1.0,0.32494681008646653,0.0,0.0
tinba_dga,12.001767908333127,2.874263715746776,12.002114880996638,7.107834147066842,0.004089320677092369,10.979388171536677,0.0003040761122454232,0.8313095923211989,8.261253893115898e-07,0.21283548102537422,0.2719374737904091,0.9901199550571285,0.7751217807462489,0.00011565755450362256,0.9998843424454964,0.2567142336994164,0.0,0.0
tinynuke_dga,32.0,3.0,32.0,2.2319602272727272,20.002604166666668,16.53469696969697,0.6250813802083334,0.2501861387310606,0.0,1.0,0.08533735795454546,0.9890109662292976,0.8334557669320002,0.6266761363636364,1.0,0.11285775625169132,0.0,0.0
tofsee_dga,7.0,2.5,7.0,4.870422535211268,0.0,5.991784037558685,0.0,0.8364185110663983,0.0,0.4358148893360161,0.26834339369550636,0.9821596244131455,0.8753195096504957,0.0,1.0,0.2647495112433964,0.0,0.0
torpig_dga,8.25,3.0,8.25,4.201566241021548,0.16420590582601755,9.577929635541368,0.02011848151737417,0.7413408217104347,0.0,0.2955998856712145,0.4069351611687506,0.965801679144656,0.8201939947301081,0.0,1.0,0.341556841029889,0.0,0.0
tsifiri_dga,53.847457627118644,4.0,53.847457627118644,0.0,27.847457627118644,7.677966101694915,0.5171327387509032,0.0,0.48286726124909685,0.5171327387509032,0.0,0.5246569814366425,0.9622006994888351,1.0,1.0,0.022255313611610178,0.0,0.0
ud2_dga,20.0,4.0,20.0,1.905122950819672,12.535450819672132,14.836680327868853,0.6267725409836065,0.25018442622950815,0.0,1.0,0.07990778688524591,0.9893121182899389,0.8350901483088681,0.6344262295081967,1.0,0.16794444352973015,0.0,0.0
ud3_dga,12.0,2.3333333333333335,12.0,4.0,6.0,12.75,0.5,0.4,0.0,0.6166666666666668,0.20833333333333337,0.9425925925925926,0.8085185185185184,0.5,1.0,0.28485798617120744,0.0,0.0
ud4_dga,8.0,2.4,8.0,5.52,0.0,8.97,0.0,0.8275,0.0,0.08,0.3325,0.9986666666666667,0.8371111111111111,0.0,1.0,0.3578125,0.0,0.0
urlzone_dga,12.472087485668931,2.9999412058676542,12.472087485668931,4.510480054090602,2.338889378839992,12.388864391333746,0.1875369522737015,0.6568469508234919,0.0,0.3743709080048264,0.20271965559468866,0.8952863356529172,0.7554677322418453,0.18499573742540495,1.0,0.2665832582346356,0.0,0.0
vawtrak_dga,8.99074074074074,2.888888888888889,8.99074074074074,3.7355555555555555,0.0,9.61,0.0,0.7141998556998557,0.0,0.2641943642776976,0.5253657073379295,0.9880063198118754,0.860532113462669,0.0,1.0,0.3240114871069579,0.0,0.0
vidrotid_dga,11.41,3.0,8.273333333333333,7.026666666666666,0.0,9.02,0.0,0.8396638122226358,0.0,0.2614418582506818,0.32421935635170923,0.9799781884781885,0.8230538258038258,0.0,1.0,0.2799860225902586,0.3333333333333333,0.0
vidro_dga,11.500455445544555,3.0,8.33363696369637,6.999584158415842,0.0,9.075201320132013,0.0,0.8325831250540481,0.0,0.24413878890420826,0.3063353817535384,0.9844397083267544,0.8105796122347279,0.0,1.0,0.28008203722232383,0.3333333333333333,0.0
virut_dga,6.0,3.0,6.0,3.2013346153846154,0.0,7.728153846153846,0.0,0.687498076923077,0.0,0.24953910256410253,0.389676923076923,0.9856064102564103,0.8821784722222226,0.0,1.0,0.3964039116409292,0.0,0.0
volatilecedar_dga,17.29317269076305,3.3413654618473894,17.29317269076305,3.610441767068273,0.0,13.634538152610443,0.0,0.6354289337802338,0.0,0.4095177703294381,0.8366095962798563,0.9979197091395886,0.9696475295119872,0.0,1.0,0.2003593506863816,0.0,0.0
wd_dga,33.0,3.0,33.0,2.466006375227687,19.895765027322405,17.284517304189436,0.6034561083654773,0.27441789215686274,0.0,0.9852941176470589,0.08652730901103611,0.9876532890645948,0.8299179446767859,0.31133879781420765,1.0,0.11099023221565316,0.0,0.0
xshellghost_dga,12.9375,3.0,12.9375,6.5625,0.0,11.984375,0.0,0.8075466200466201,0.0,0.23713578088578086,0.3586684149184149,0.9886284722222223,0.7931232901936027,0.0,1.0,0.2530058600177505,0.0,0.0
xxhex_dga,9.806363636363637,2.0,9.806363636363637,2.4013636363636364,5.094090909090909,8.771363636363636,0.5187575757575758,0.4126212121212121,0.0,0.7956969696969697,0.02517424242424243,0.9585227272727272,0.7770799512987012,0.0,1.0,0.27648727527364886,0.0,0.0
